236
160
234
145
202
187
203
182
197
188
235
155
201
149
206
134
228
178
199
165
227
131
225
238
231
205
226
198
194
229
230
195
196
157
193
150
210
180
214
189
246
184
242
156
253
146
219
181
239
175
220
137
213
172
200
224
240
170
241
142
233
251
237
138
211
164
232
252
204
141
208
209
247
192
212
159
207
152
162
158
161
190
244
191
130
186
256
185
248
154
216
153
222
151
245
183
255
143
250
179
218
177
217
139
243
147
215
176
148
133
144
173
140
136
168
171
166
169
132
135
129
174
223
167
254
163
249
221
