19 45 109 117 125 3 14 39 12 1 96 94 122 86 84 115
52 10 50 46 89 128 8 7 35 41 127 95 90 121 6 87
62 28 23 53 113 91 34 40 2 13 36 83 88 118 81 124
55 60 54 59 25 24 17 42 9 47 116 5 33 74 114 110
22 51 56 92 126 49 16 18 4 43 119 93 120 76 104 78
29 30 58 123 21 79 20 44 11 48 85 80 82 71 72 106
63 32 26 69 102 108 75 37 38 15 111 73 101 99 103 66
61 64 27 31 97 70 112 57 77 100 68 107 67 65 105 98
227 193 199 194 190 156 157 179 242 147 183 180 189 160 191 192
233 226 231 187 184 146 234 246 247 150 182 188 151 158 154 159
228 195 200 133 204 175 237 215 244 171 137 144 178 186 155 152
203 205 201 134 161 238 209 207 252 214 164 132 140 149 153 185
196 230 236 197 232 202 208 249 248 213 211 251 254 145 181 143
225 198 229 206 174 135 224 218 219 243 221 176 136 177 166 172
235 245 239 241 168 129 250 223 255 253 256 162 131 173 220 141
240 212 148 142 163 222 216 217 210 169 130 167 138 139 170 165
